[[ 2.46223951e-01 -5.47099149e+00  9.30193327e-01  6.12909359e+01
   1.15268526e+01  2.03460485e+00  3.74386125e+03  8.31026626e+03
   1.00045695e+00]
 [ 9.12271101e-01 -6.00806379e+00  1.09585898e+00  1.47266009e+01
   1.36741692e+01  2.09835763e+00  4.14876593e+03  8.51567332e+03
   1.02567934e+00]
 [ 5.74292086e-01 -5.11634472e+00  1.04968446e+00  4.23073689e+01
   1.16154778e+01  2.15332700e+00  4.50921027e+03  8.41979244e+03
   9.96955273e-01]
 [ 5.24497297e-01 -4.46945664e+00  1.03602788e+00  5.92283887e+01
   1.22686429e+01  2.08817409e+00  4.14373069e+03  7.60524496e+03
   9.49651982e-01]
 [ 3.26473707e-01 -4.90609354e+00  9.37920266e-01  3.61452974e+01
   1.23516385e+01  2.01074980e+00  3.76285309e+03  8.18253187e+03
   1.01029438e+00]
 [-1.34805942e-01 -5.95105395e+00  9.93332298e-01  4.68659765e+01
   1.13190352e+01  2.13163792e+00  4.34325427e+03  8.15303590e+03
   9.21912811e-01]
 [ 6.25760853e-01 -5.42394190e+00  9.26313529e-01  6.73632254e+00
   1.23031970e+01  1.73837748e+00  3.99649351e+03  8.47666277e+03
   9.50773418e-01]
 [ 3.99261345e-01 -5.67427744e+00  1.01362013e+00  9.22559980e+00
   1.26085577e+01  1.99734298e+00  3.89332724e+03  7.22460099e+03
   1.04700310e+00]
 [ 1.07455078e+00 -3.65404759e+00  8.62577631e-01  6.93668511e+01
   1.16831162e+01  2.18857894e+00  3.66034382e+03  7.43040948e+03
   9.79302568e-01]
 [ 8.54527429e-01 -5.07678701e+00  9.59493227e-01  5.07879646e+01
   1.14576394e+01  2.15106426e+00  3.52450295e+03  6.48583218e+03
   9.91908423e-01]
 [ 1.69471264e-01 -3.19939544e+00  1.01537715e+00  7.95725311e+00
   1.25445603e+01  2.15099951e+00  3.57133708e+03  9.82663663e+03
   9.87795337e-01]
 [ 7.18593463e-01 -5.99267816e+00  1.01145682e+00  3.88317962e+01
   1.19672480e+01  2.04789577e+00  4.13502335e+03  8.14801664e+03
   1.07036969e+00]
 [ 6.02235508e-01 -5.46121006e+00  9.72030944e-01  4.79711305e+01
   1.24714234e+01  1.95535017e+00  3.95057410e+03  6.97431427e+03
   9.92596404e-01]
 [ 3.35552505e-01 -5.43299684e+00  1.08261694e+00  1.99903979e+01
   1.22798848e+01  1.98503930e+00  4.11692565e+03  7.59425247e+03
   1.13058368e+00]
 [ 1.06613518e-01 -5.63434816e+00  9.64942599e-01  1.71373596e+01
   1.13340377e+01  1.88708154e+00  4.63691410e+03  8.99627604e+03
   8.37101502e-01]
 [ 9.06519195e-01 -5.55232702e+00  9.61527953e-01  1.96186646e+01
   1.11554038e+01  1.90532314e+00  4.09023602e+03  8.28988958e+03
   1.06535667e+00]
 [ 1.69916146e-01 -5.24880433e+00  9.82252408e-01  1.00645914e+02
   1.24739593e+01  2.22859808e+00  3.96148475e+03  7.57093810e+03
   9.15523013e-01]
 [ 8.08999051e-01 -5.12370408e+00  1.07160744e+00  4.26935618e+01
   1.19277034e+01  1.98555093e+00  4.19209672e+03  8.41799764e+03
   1.03981129e+00]][[ 2.68015529e-01 -5.53444252e+00  9.15326571e-01  5.00521502e+01
   1.12563829e+01  1.97920529e+00  3.68171348e+03  8.52139966e+03
   1.02471194e+00]
 [ 9.12271101e-01 -6.00806379e+00  1.09585898e+00  1.47266009e+01
   1.36741692e+01  2.09835763e+00  4.14876593e+03  8.51567332e+03
   1.02567934e+00]
 [ 5.74292086e-01 -5.11634472e+00  1.04968446e+00  4.23073689e+01
   1.16154778e+01  2.15332700e+00  4.50921027e+03  8.41979244e+03
   9.96955273e-01]
 [ 5.24497297e-01 -4.46945664e+00  1.03602788e+00  5.92283887e+01
   1.22686429e+01  2.08817409e+00  4.14373069e+03  7.60524496e+03
   9.49651982e-01]
 [ 3.26473707e-01 -4.90609354e+00  9.37920266e-01  3.61452974e+01
   1.23516385e+01  2.01074980e+00  3.76285309e+03  8.18253187e+03
   1.01029438e+00]
 [-1.34805942e-01 -5.95105395e+00  9.93332298e-01  4.68659765e+01
   1.13190352e+01  2.13163792e+00  4.34325427e+03  8.15303590e+03
   9.21912811e-01]
 [ 6.25760853e-01 -5.42394190e+00  9.26313529e-01  6.73632254e+00
   1.23031970e+01  1.73837748e+00  3.99649351e+03  8.47666277e+03
   9.50773418e-01]
 [ 3.99261345e-01 -5.67427744e+00  1.01362013e+00  9.22559980e+00
   1.26085577e+01  1.99734298e+00  3.89332724e+03  7.22460099e+03
   1.04700310e+00]
 [ 1.07455078e+00 -3.65404759e+00  8.62577631e-01  6.93668511e+01
   1.16831162e+01  2.18857894e+00  3.66034382e+03  7.43040948e+03
   9.79302568e-01]
 [ 8.54527429e-01 -5.07678701e+00  9.59493227e-01  5.07879646e+01
   1.14576394e+01  2.15106426e+00  3.52450295e+03  6.48583218e+03
   9.91908423e-01]
 [ 1.69471264e-01 -3.19939544e+00  1.01537715e+00  7.95725311e+00
   1.25445603e+01  2.15099951e+00  3.57133708e+03  9.82663663e+03
   9.87795337e-01]
 [ 7.18593463e-01 -5.99267816e+00  1.01145682e+00  3.88317962e+01
   1.19672480e+01  2.04789577e+00  4.13502335e+03  8.14801664e+03
   1.07036969e+00]
 [ 6.02235508e-01 -5.46121006e+00  9.72030944e-01  4.79711305e+01
   1.24714234e+01  1.95535017e+00  3.95057410e+03  6.97431427e+03
   9.92596404e-01]
 [ 3.35552505e-01 -5.43299684e+00  1.08261694e+00  1.99903979e+01
   1.22798848e+01  1.98503930e+00  4.11692565e+03  7.59425247e+03
   1.13058368e+00]
 [ 1.06613518e-01 -5.63434816e+00  9.64942599e-01  1.71373596e+01
   1.13340377e+01  1.88708154e+00  4.63691410e+03  8.99627604e+03
   8.37101502e-01]
 [ 9.06519195e-01 -5.55232702e+00  9.61527953e-01  1.96186646e+01
   1.11554038e+01  1.90532314e+00  4.09023602e+03  8.28988958e+03
   1.06535667e+00]
 [ 1.69916146e-01 -5.24880433e+00  9.82252408e-01  1.00645914e+02
   1.24739593e+01  2.22859808e+00  3.96148475e+03  7.57093810e+03
   9.15523013e-01]
 [ 8.08999051e-01 -5.12370408e+00  1.07160744e+00  4.26935618e+01
   1.19277034e+01  1.98555093e+00  4.19209672e+03  8.41799764e+03
   1.03981129e+00]]