[[ 5.56703719e-01 -5.52715082e+00  1.07222488e+00  8.82370469e+01
   1.21134442e+01  1.87687539e+00  3.89110600e+03  8.23848320e+03
   9.29005543e-01]
 [ 5.62891514e-01 -5.32719996e+00  9.35301398e-01  8.40882990e+01
   1.28153441e+01  1.86527321e+00  3.64910158e+03  8.57236456e+03
   9.00541005e-01]
 [ 7.28042286e-01 -5.98582026e+00  1.02365673e+00  3.73579937e+01
   1.20296767e+01  2.18148092e+00  3.92533318e+03  7.51395106e+03
   1.06309336e+00]
 [ 3.91188112e-01 -4.53979337e+00  9.24085466e-01  7.30705203e+01
   1.17080708e+01  1.85004566e+00  4.17948722e+03  8.18555415e+03
   1.06311103e+00]
 [ 2.31839837e-01 -5.68965744e+00  1.00604285e+00  4.62222708e+01
   1.19726342e+01  1.96559659e+00  4.12641192e+03  7.53806444e+03
   1.07605361e+00]
 [ 3.05467433e-01 -4.11804394e+00  1.04555827e+00  8.45703820e+01
   1.15382975e+01  2.16000116e+00  4.36914042e+03  7.42733507e+03
   1.04833034e+00]
 [ 1.51643646e-01 -4.58916833e+00  9.52667451e-01  6.90056421e+01
   1.23215747e+01  1.93897011e+00  4.10939725e+03  8.24739985e+03
   1.07769242e+00]
 [ 4.00876975e-01 -5.96706116e+00  1.02268177e+00  5.55130364e+01
   1.16675080e+01  1.91538988e+00  3.64972278e+03  8.28659184e+03
   9.36339078e-01]
 [ 8.10119724e-01 -5.94694987e+00  9.31926384e-01  6.55147628e+01
   1.29654542e+01  1.97800599e+00  4.32393711e+03  8.75036473e+03
   1.01895546e+00]
 [ 7.70828403e-01 -4.26212827e+00  9.38243273e-01  8.67901956e+01
   1.12472642e+01  1.86172645e+00  4.25245127e+03  8.09034886e+03
   9.70069177e-01]
 [ 8.35422860e-01 -4.17623357e+00  1.08525981e+00  8.10754662e+01
   1.22252249e+01  2.04555237e+00  4.34524855e+03  7.55810659e+03
   1.08585161e+00]
 [ 7.36014921e-01 -5.79632985e+00  1.04430608e+00  3.19513974e+01
   1.28025830e+01  2.18838722e+00  3.97232789e+03  8.65700042e+03
   9.21625291e-01]
 [ 2.72718025e-01 -5.04688058e+00  9.58529052e-01  3.32291704e+01
   1.22941425e+01  1.97466004e+00  3.90437870e+03  7.80341983e+03
   1.03360327e+00]
 [ 3.92636973e-01 -5.56162722e+00  9.87576812e-01  4.80771306e+01
   1.16449383e+01  1.87747752e+00  3.77404796e+03  8.34495175e+03
   9.38551645e-01]
 [ 4.83078357e-01 -4.02349660e+00  9.46397437e-01  8.83748801e+01
   1.17810520e+01  2.13258995e+00  4.06388767e+03  7.54988050e+03
   1.05058091e+00]
 [ 2.57174329e-01 -5.17839536e+00  1.04225428e+00  8.39543759e+01
   1.26440018e+01  1.83705370e+00  3.66069973e+03  8.21803644e+03
   9.63806781e-01]
 [ 2.25120288e-01 -5.88137560e+00  1.01837963e+00  4.08098612e+01
   1.21078127e+01  1.82301024e+00  4.32369047e+03  8.95371388e+03
   1.02463496e+00]
 [ 4.02290004e-01 -5.73572591e+00  9.82179047e-01  5.56381815e+01
   1.17420063e+01  2.06101824e+00  4.00862526e+03  8.18984828e+03
   9.46099608e-01]][[ 5.46701772e-01 -5.49438013e+00  1.06952042e+00  8.71682893e+01
   1.20882767e+01  1.88364384e+00  3.89964885e+03  8.22173544e+03
   9.32085195e-01]
 [ 4.88660160e-01 -5.25548946e+00  9.41243430e-01  7.10776618e+01
   1.26820118e+01  1.89325624e+00  3.71440584e+03  8.37565531e+03
   9.34580614e-01]
 [ 7.28042286e-01 -5.98582026e+00  1.02365673e+00  3.73579937e+01
   1.20296767e+01  2.18148092e+00  3.92533318e+03  7.51395106e+03
   1.06309336e+00]
 [ 3.91188112e-01 -4.53979337e+00  9.24085466e-01  7.30705203e+01
   1.17080708e+01  1.85004566e+00  4.17948722e+03  8.18555415e+03
   1.06311103e+00]
 [ 2.31839837e-01 -5.68965744e+00  1.00604285e+00  4.62222708e+01
   1.19726342e+01  1.96559659e+00  4.12641192e+03  7.53806444e+03
   1.07605361e+00]
 [ 3.05467433e-01 -4.11804394e+00  1.04555827e+00  8.45703820e+01
   1.15382975e+01  2.16000116e+00  4.36914042e+03  7.42733507e+03
   1.04833034e+00]
 [ 1.51643646e-01 -4.58916833e+00  9.52667451e-01  6.90056421e+01
   1.23215747e+01  1.93897011e+00  4.10939725e+03  8.24739985e+03
   1.07769242e+00]
 [ 4.00876975e-01 -5.96706116e+00  1.02268177e+00  5.55130364e+01
   1.16675080e+01  1.91538988e+00  3.64972278e+03  8.28659184e+03
   9.36339078e-01]
 [ 8.10119724e-01 -5.94694987e+00  9.31926384e-01  6.55147628e+01
   1.29654542e+01  1.97800599e+00  4.32393711e+03  8.75036473e+03
   1.01895546e+00]
 [ 7.70828403e-01 -4.26212827e+00  9.38243273e-01  8.67901956e+01
   1.12472642e+01  1.86172645e+00  4.25245127e+03  8.09034886e+03
   9.70069177e-01]
 [ 8.35422860e-01 -4.17623357e+00  1.08525981e+00  8.10754662e+01
   1.22252249e+01  2.04555237e+00  4.34524855e+03  7.55810659e+03
   1.08585161e+00]
 [ 7.35535554e-01 -5.80772327e+00  1.04306451e+00  3.22764776e+01
   1.27561108e+01  2.18797196e+00  3.96950226e+03  8.58827276e+03
   9.30131283e-01]
 [ 2.24821018e-01 -4.70298032e+00  9.34553175e-01  2.49009929e+01
   1.25283354e+01  1.99681116e+00  3.99955159e+03  7.62284334e+03
   1.06995394e+00]
 [ 3.49576087e-01 -4.84851145e+00  1.01621908e+00  6.61044336e+01
   1.15922588e+01  2.01704138e+00  4.06801771e+03  7.89165824e+03
   9.92781229e-01]
 [ 4.73685535e-01 -4.07627134e+00  9.44116755e-01  8.68105015e+01
   1.17735920e+01  2.10370889e+00  4.07570400e+03  7.61485769e+03
   1.05186171e+00]
 [ 2.57174329e-01 -5.17839536e+00  1.04225428e+00  8.39543759e+01
   1.26440018e+01  1.83705370e+00  3.66069973e+03  8.21803644e+03
   9.63806781e-01]
 [ 2.25120288e-01 -5.88137560e+00  1.01837963e+00  4.08098612e+01
   1.21078127e+01  1.82301024e+00  4.32369047e+03  8.95371388e+03
   1.02463496e+00]
 [ 4.02290004e-01 -5.73572591e+00  9.82179047e-01  5.56381815e+01
   1.17420063e+01  2.06101824e+00  4.00862526e+03  8.18984828e+03
   9.46099608e-01]]